0
0.00097751711
0.0019550342
0.0029325513
0.0039100684
0.0048875855
0.0058651026
0.0068426197
0.0078201368
0.008797654
0.0097751711
0.010752688
0.011730205
0.012707722
0.013685239
0.014662757
0.015640274
0.016617792
0.017595308
0.018572826
0.019550342
0.02052786
0.021505376
0.022482894
0.023460411
0.024437929
0.025415445
0.026392963
0.027370479
0.028347997
0.029325513
0.030303031
0.031280547
0.032258064
0.033235583
0.0342131
0.035190616
0.036168132
0.037145652
0.038123168
0.039100684
0.0400782
0.04105572
0.042033236
0.043010753
0.043988269
0.044965789
0.045943305
0.046920821
0.047898337
0.048875857
0.049853373
0.050830889
0.051808406
0.052785926
0.053763442
0.054740958
0.055718474
0.056695994
0.05767351
0.058651026
0.059628543
0.060606062
0.061583579
0.062561095
0.063538611
0.064516127
0.065493643
0.066471167
0.067448683
0.068426199
0.069403715
0.070381232
0.071358748
0.072336264
0.07331378
0.074291304
0.07526882
0.076246336
0.077223852
0.078201368
0.079178885
0.080156401
0.081133917
0.082111441
0.083088957
0.084066473
0.085043989
0.086021505
0.086999021
0.087976538
0.088954054
0.089931577
0.090909094
0.09188661
0.092864126
0.093841642
0.094819158
0.095796674
0.096774191
0.097751714
0.09872923
0.099706747
0.10068426
0.10166178
0.1026393
0.10361681
0.10459433
0.10557185
0.10654937
0.10752688
0.1085044
0.10948192
0.11045943
0.11143695
0.11241446
0.11339199
0.1143695
0.11534702
0.11632454
0.11730205
0.11827957
0.11925709
0.1202346
0.12121212
0.12218964
0.12316716
0.12414467
0.12512219
0.12609971
0.12707722
0.12805474
0.12903225
0.13000977
0.13098729
0.1319648
0.13294233
0.13391985
0.13489737
0.13587488
0.1368524
0.13782991
0.13880743
0.13978495
0.14076246
0.14173998
0.1427175
0.14369501
0.14467253
0.14565004
0.14662756
0.14760508
0.14858261
0.14956012
0.15053764
0.15151516
0.15249267
0.15347019
0.1544477
0.15542522
0.15640274
0.15738025
0.15835777
0.15933529
0.1603128
0.16129032
0.16226783
0.16324535
0.16422288
0.1652004
0.16617791
0.16715543
0.16813295
0.16911046
0.17008798
0.17106549
0.17204301
0.17302053
0.17399804
0.17497556
0.17595308
0.17693059
0.17790811
0.17888562
0.17986315
0.18084067
0.18181819
0.1827957
0.18377322
0.18475074
0.18572825
0.18670577
0.18768328
0.1886608
0.18963832
0.19061583
0.19159335
0.19257087
0.19354838
0.1945259
0.19550343
0.19648094
0.19745846
0.19843598
0.19941349
0.20039101
0.20136853
0.20234604
0.20332356
0.20430107
0.20527859
0.20625611
0.20723362
0.20821114
0.20918866
0.21016617
0.2111437
0.21212122
0.21309873
0.21407625
0.21505377
0.21603128
0.2170088
0.21798632
0.21896383
0.21994135
0.22091886
0.22189638
0.2228739
0.22385141
0.22482893
0.22580644
0.22678398
0.22776149
0.22873901
0.22971652
0.23069404
0.23167156
0.23264907
0.23362659
0.23460411
0.23558162
0.23655914
0.23753665
0.23851417
0.23949169
0.2404692
0.24144672
0.24242425
0.24340177
0.24437928
0.2453568
0.24633431
0.24731183
0.24828935
0.24926686
0.25024438
0.2512219
0.25219941
0.25317693
0.25415444
0.25513196
0.25610948
0.25708699
0.25806451
0.25904202
0.26001954
0.26099706
0.26197457
0.26295209
0.26392961
0.26490712
0.26588467
0.26686218
0.2678397
0.26881722
0.26979473
0.27077225
0.27174976
0.27272728
0.2737048
0.27468231
0.27565983
0.27663735
0.27761486
0.27859238
0.27956989
0.28054741
0.28152493
0.28250244
0.28347996
0.28445747
0.28543499
0.28641251
0.28739002
0.28836754
0.28934506
0.29032257
0.29130009
0.2922776
0.29325512
0.29423264
0.29521015
0.29618767
0.29716522
0.29814273
0.29912025
0.30009776
0.30107528
0.3020528
0.30303031
0.30400783
0.30498534
0.30596286
0.30694038
0.30791789
0.30889541
0.30987293
0.31085044
0.31182796
0.31280547
0.31378299
0.31476051
0.31573802
0.31671554
0.31769305
0.31867057
0.31964809
0.3206256
0.32160312
0.32258064
0.32355815
0.32453567
0.32551318
0.3264907
0.32746822
0.32844576
0.32942328
0.33040079
0.33137831
0.33235583
0.33333334
0.33431086
0.33528838
0.33626589
0.33724341
0.33822092
0.33919844
0.34017596
0.34115347
0.34213099
0.34310851
0.34408602
0.34506354
0.34604105
0.34701857
0.34799609
0.3489736
0.34995112
0.35092863
0.35190615
0.35288367
0.35386118
0.3548387
0.35581622
0.35679373
0.35777125
0.35874876
0.35972631
0.36070383
0.36168134
0.36265886
0.36363637
0.36461389
0.36559141
0.36656892
0.36754644
0.36852396
0.36950147
0.37047899
0.3714565
0.37243402
0.37341154
0.37438905
0.37536657
0.37634408
0.3773216
0.37829912
0.37927663
0.38025415
0.38123167
0.38220918
0.3831867
0.38416421
0.38514173
0.38611925
0.38709676
0.38807428
0.3890518
0.39002931
0.39100686
0.39198437
0.39296189
0.39393941
0.39491692
0.39589444
0.39687195
0.39784947
0.39882699
0.3998045
0.40078202
0.40175954
0.40273705
0.40371457
0.40469208
0.4056696
0.40664712
0.40762463
0.40860215
0.40957966
0.41055718
0.4115347
0.41251221
0.41348973
0.41446725
0.41544476
0.41642228
0.41739979
0.41837731
0.41935483
0.42033234
0.42130986
0.4222874
0.42326492
0.42424244
0.42521995
0.42619747
0.42717499
0.4281525
0.42913002
0.43010753
0.43108505
0.43206257
0.43304008
0.4340176
0.43499511
0.43597263
0.43695015
0.43792766
0.43890518
0.4398827
0.44086021
0.44183773
0.44281524
0.44379276
0.44477028
0.44574779
0.44672531
0.44770283
0.44868034
0.44965786
0.45063537
0.45161289
0.45259041
0.45356795
0.45454547
0.45552298
0.4565005
0.45747802
0.45845553
0.45943305
0.46041057
0.46138808
0.4623656
0.46334311
0.46432063
0.46529815
0.46627566
0.46725318
0.46823069
0.46920821
0.47018573
0.47116324
0.47214076
0.47311828
0.47409579
0.47507331
0.47605082
0.47702834
0.47800586
0.47898337
0.47996089
0.4809384
0.48191592
0.48289344
0.48387095
0.4848485
0.48582602
0.48680353
0.48778105
0.48875856
0.48973608
0.4907136
0.49169111
0.49266863
0.49364614
0.49462366
0.49560118
0.49657869
0.49755621
0.49853373
0.49951124
0.50048876
0.50146627
0.50244379
0.50342131
0.50439882
0.50537634
0.50635386
0.50733137
0.50830889
0.5092864
0.51026392
0.51124144
0.51221895
0.51319647
0.51417398
0.5151515
0.51612902
0.51710653
0.51808405
0.51906157
0.52003908
0.5210166
0.52199411
0.52297163
0.52394915
0.52492666
0.52590418
0.52688169
0.52785921
0.52883673
0.52981424
0.53079176
0.53176934
0.53274685
0.53372437
0.53470188
0.5356794
0.53665692
0.53763443
0.53861195
0.53958946
0.54056698
0.5415445
0.54252201
0.54349953
0.54447705
0.54545456
0.54643208
0.54740959
0.54838711
0.54936463
0.55034214
0.55131966
0.55229717
0.55327469
0.55425221
0.55522972
0.55620724
0.55718476
0.55816227
0.55913979
0.5601173
0.56109482
0.56207234
0.56304985
0.56402737
0.56500489
0.5659824
0.56695992
0.56793743
0.56891495
0.56989247
0.57086998
0.5718475
0.57282501
0.57380253
0.57478005
0.57575756
0.57673508
0.5777126
0.57869011
0.57966763
0.58064514
0.58162266
0.58260018
0.58357769
0.58455521
0.58553272
0.58651024
0.58748776
0.58846527
0.58944279
0.59042031
0.59139782
0.59237534
0.59335285
0.59433043
0.59530795
0.59628546
0.59726298
0.59824049
0.59921801
0.60019553
0.60117304
0.60215056
0.60312808
0.60410559
0.60508311
0.60606062
0.60703814
0.60801566
0.60899317
0.60997069
0.6109482
0.61192572
0.61290324
0.61388075
0.61485827
0.61583579
0.6168133
0.61779082
0.61876833
0.61974585
0.62072337
0.62170088
0.6226784
0.62365592
0.62463343
0.62561095
0.62658846
0.62756598
0.6285435
0.62952101
0.63049853
0.63147604
0.63245356
0.63343108
0.63440859
0.63538611
0.63636363
0.63734114
0.63831866
0.63929617
0.64027369
0.64125121
0.64222872
0.64320624
0.64418375
0.64516127
0.64613879
0.6471163
0.64809382
0.64907134
0.65004885
0.65102637
0.65200388
0.6529814
0.65395892
0.65493643
0.65591395
0.65689152
0.65786904
0.65884656
0.65982407
0.66080159
0.66177911
0.66275662
0.66373414
0.66471165
0.66568917
0.66666669
0.6676442
0.66862172
0.66959924
0.67057675
0.67155427
0.67253178
0.6735093
0.67448682
0.67546433
0.67644185
0.67741936
0.67839688
0.6793744
0.68035191
0.68132943
0.68230695
0.68328446
0.68426198
0.68523949
0.68621701
0.68719453
0.68817204
0.68914956
0.69012707
0.69110459
0.69208211
0.69305962
0.69403714
0.69501466
0.69599217
0.69696969
0.6979472
0.69892472
0.69990224
0.70087975
0.70185727
0.70283478
0.7038123
0.70478982
0.70576733
0.70674485
0.70772237
0.70869988
0.7096774
0.71065491
0.71163243
0.71260995
0.71358746
0.71456498
0.7155425
0.71652001
0.71749753
0.71847504
0.71945262
0.72043014
0.72140765
0.72238517
0.72336268
0.7243402
0.72531772
0.72629523
0.72727275
0.72825027
0.72922778
0.7302053
0.73118281
0.73216033
0.73313785
0.73411536
0.73509288
0.73607039
0.73704791
0.73802543
0.73900294
0.73998046
0.74095798
0.74193549
0.74291301
0.74389052
0.74486804
0.74584556
0.74682307
0.74780059
0.7487781
0.74975562
0.75073314
0.75171065
0.75268817
0.75366569
0.7546432
0.75562072
0.75659823
0.75757575
0.75855327
0.75953078
0.7605083
0.76148582
0.76246333
0.76344085
0.76441836
0.76539588
0.7663734
0.76735091
0.76832843
0.76930594
0.77028346
0.77126098
0.77223849
0.77321601
0.77419353
0.77517104
0.77614856
0.77712607
0.77810359
0.77908111
0.78005862
0.78103614
0.78201371
0.78299123
0.78396875
0.78494626
0.78592378
0.7869013
0.78787881
0.78885633
0.78983384
0.79081136
0.79178888
0.79276639
0.79374391
0.79472142
0.79569894
0.79667646
0.79765397
0.79863149
0.79960901
0.80058652
0.80156404
0.80254155
0.80351907
0.80449659
0.8054741
0.80645162
0.80742913
0.80840665
0.80938417
0.81036168
0.8113392
0.81231672
0.81329423
0.81427175
0.81524926
0.81622678
0.8172043
0.81818181
0.81915933
0.82013685
0.82111436
0.82209188
0.82306939
0.82404691
0.82502443
0.82600194
0.82697946
0.82795697
0.82893449
0.82991201
0.83088952
0.83186704
0.83284456
0.83382207
0.83479959
0.8357771
0.83675462
0.83773214
0.83870965
0.83968717
0.84066468
0.8416422
0.84261972
0.84359723
0.84457481
0.84555233
0.84652984
0.84750736
0.84848487
0.84946239
0.85043991
0.85141742
0.85239494
0.85337245
0.85434997
0.85532749
0.856305
0.85728252
0.85826004
0.85923755
0.86021507
0.86119258
0.8621701
0.86314762
0.86412513
0.86510265
0.86608016
0.86705768
0.8680352
0.86901271
0.86999023
0.87096775
0.87194526
0.87292278
0.87390029
0.87487781
0.87585533
0.87683284
0.87781036
0.87878788
0.87976539
0.88074291
0.88172042
0.88269794
0.88367546
0.88465297
0.88563049
0.886608
0.88758552
0.88856304
0.88954055
0.89051807
0.89149559
0.8924731
0.89345062
0.89442813
0.89540565
0.89638317
0.89736068
0.8983382
0.89931571
0.90029323
0.90127075
0.90224826
0.90322578
0.9042033
0.90518081
0.90615833
0.9071359
0.90811342
0.90909094
0.91006845
0.91104597
0.91202348
0.913001
0.91397852
0.91495603
0.91593355
0.91691107
0.91788858
0.9188661
0.91984361
0.92082113
0.92179865
0.92277616
0.92375368
0.92473119
0.92570871
0.92668623
0.92766374
0.92864126
0.92961878
0.93059629
0.93157381
0.93255132
0.93352884
0.93450636
0.93548387
0.93646139
0.93743891
0.93841642
0.93939394
0.94037145
0.94134897
0.94232649
0.943304
0.94428152
0.94525903
0.94623655
0.94721407
0.94819158
0.9491691
0.95014662
0.95112413
0.95210165
0.95307916
0.95405668
0.9550342
0.95601171
0.95698923
0.95796674
0.95894426
0.95992178
0.96089929
0.96187681
0.96285433
0.96383184
0.96480936
0.96578687
0.96676439
0.96774191
0.96871942
0.969697
0.97067451
0.97165203
0.97262955
0.97360706
0.97458458
0.9755621
0.97653961
0.97751713
0.97849464
0.97947216
0.98044968
0.98142719
0.98240471
0.98338223
0.98435974
0.98533726
0.98631477
0.98729229
0.98826981
0.98924732
0.99022484
0.99120235
0.99217987
0.99315739
0.9941349
0.99511242
0.99608994
0.99706745
0.99804497
0.99902248
1
